1.1423149672519455