0.17021191305402533